"seq.date";"hour";"noon";"sunrise";"sunset";"azimuth";"zenith";"eqtime";"declin";"daylight";"PAR"
2001-01-01;0;12.3557008605742;5.66410111150763;19.0473006096407;187.034281268404;135.66794932979;-3.34205163445052;-23.0259893328179;13.3831994981331;0
2001-01-01;6;12.3576674894684;5.66669920538861;19.0486357735481;113.354253749689;86.576771430748;-3.46004936810257;-23.0057486634271;13.3819365681595;5.62352800516154
2001-01-01;12;12.3596287567251;5.66930663130756;19.0499508821427;112.641298447407;5.38079560527147;-3.57772540350881;-22.9850298165714;13.3806442508352;479.227482435825
2001-01-01;18;12.3615845305582;5.67192322234777;19.0512458387685;250.031921877243;77.2282700884679;-3.6950718334892;-22.9638334250526;13.3793226164208;73.7781313991406
2001-02-01;0;12.5258449214329;6.00845199936256;19.0432378435033;192.034018180038;141.037245127483;-13.550695285977;-17.1873832770495;13.0347858441408;0
2001-02-01;6;12.5264222728943;6.01105845643498;19.0417860893536;108.775851823822;90.9799447171751;-13.5853363736573;-17.1164979937941;13.0307276329186;0
2001-02-01;12;12.5269853229461;6.01365779715653;19.0403128487357;63.4457224966442;8.45265264895994;-13.6191193767667;-17.0452988337396;13.0266550515792;475.793945909659
2001-02-01;18;12.5275340714277;6.01624995648889;19.0388181863665;256.618848851224;76.8473272528743;-13.6520442856611;-16.9737875556346;13.0225682298776;76.962919118066
2001-03-01;0;12.5077570166214;6.24912346434178;18.7663905689011;195.389558925019;150.335414561107;-12.4654209972859;-7.70556668710219;12.5172671045593;0
2001-03-01;6;12.5069489767667;6.25080698619226;18.7630909673411;99.8535858313323;94.3006202263775;-12.4169386059997;-7.6106648788933;12.5122839811488;0
2001-03-01;12;12.5061320989732;6.25248328930573;18.7597809086406;29.6540778976279;15.3514195326136;-12.3679259383895;-7.51564886417424;12.5072976193349;462.596909928141
2001-03-01;18;12.5053064653382;6.25415242153043;18.7564605091459;265.712209159937;80.3055085476559;-12.3183879202908;-7.42052036277077;12.5023080876155;48.5254652665891
2001-04-01;0;12.3670490898486;6.4206599394222;18.3134382402751;198.631305726298;162.576767789597;-4.02294539091851;4.41818071120287;11.8927783008529;0
2001-04-01;6;12.3658091228711;6.42189809799755;18.3097201477446;87.7305888678577;96.730714655016;-3.94854737226601;4.51472467269581;11.8878220497471;0
2001-04-01;12;12.3645710807861;6.42313651428152;18.3060056472907;12.4393010506122;26.1669552432377;-3.87426484716589;4.61118370010745;11.8828691330091;427.090597451411
2001-04-01;18;12.3633350450964;6.42437524487577;18.3022948453169;276.357606237523;86.6199498829396;-3.80010270578129;4.70755628184573;11.8779196004412;5.43146112321215
2001-05-01;0;12.2525847767105;6.58374855099332;17.9214210024278;211.513443084912;172.985457467367;2.84491339736747;14.9804882374288;11.3376724514345;0
2001-05-01;6;12.2520729660445;6.58530298773687;17.918842944352;77.1561279959929;98.7743757824338;2.87562203733295;15.056320770215;11.3335399566152;0
2001-05-01;12;12.2515704325139;6.5868610940781;17.9162797709497;6.15738718426547;36.3213227881952;2.90577404916772;15.1318941473576;11.3294186768716;378.354936787361
2001-05-01;18;12.2510772069379;6.58842285779159;17.9137315560842;285.531340416815;91.9959684881078;2.93536758372503;15.2072069953108;11.3253086982927;0
2001-06-01;0;12.2621016213284;6.79231880566159;17.7318844369951;286.148353804956;176.205489607909;2.27390272029831;22.009832134492;10.9395656313335;0
2001-06-01;6;12.2627284498719;6.79395997028019;17.7314969294636;70.4940946097759;101.18485537292;2.23629300768528;22.0440866098371;10.9375369591834;0
2001-06-01;12;12.2633621758413;6.79559668161682;17.7311276700659;5.34626189472846;43.2501002910615;2.19826944951934;22.0779409856097;10.9355309884491;337.364905523102
2001-06-01;18;12.2640027278868;6.79722882944466;17.7307766263289;292.048939344523;94.3104612401544;2.15983632679281;22.1113945031275;10.9335477968842;0
2001-07-01;0;12.3620960936312;6.92569129888384;17.7985008883786;293.920598304079;174.535651277879;-3.72576561787311;23.1279825553273;10.8728095894948;0
2001-07-01;6;12.3629054223922;6.92600460343518;17.7998062413493;69.893252401066;102.833809947026;-3.7743253435337;23.1115035241117;10.8738016379141;0
2001-07-01;12;12.3637103346144;6.92630095053878;17.8011197186899;7.17878383327013;44.4139982988533;-3.82262007686152;23.0946035114093;10.8748187681512;329.916705337124
2001-07-01;18;12.3645107371517;6.92658027035103;17.8024412039523;293.455501790368;93.3613861057207;-3.87064422910087;23.0772829681316;10.8758609336013;0
2001-08-01;0;12.4057716325297;6.82310398814703;17.9884392769124;244.18233269203;173.571529676379;-6.34629795178135;18.0949473157143;11.1653352887653;0
2001-08-01;6;12.4055283192862;6.82109802437021;17.9899586142021;75.0266587851805;101.829731149267;-6.33169915716992;18.0322726562199;11.1688605898319;0
2001-08-01;12;12.405274455017;6.81907416837547;17.9914747416586;9.12752503765546;39.4220417995932;-6.31646730102213;17.9692915346986;11.1724005732831;360.740252861976
2001-08-01;18;12.4050100429056;6.81703247109649;17.9929876147147;288.854586911615;90.926219874193;-6.30060257433693;17.9060052058235;11.1759551436182;0
2001-09-01;0;12.3030003769935;6.45926525195502;18.1467355020319;199.852181403477;166.653265561185;-0.18002261960713;8.39433616564143;11.6874702500769;0
2001-09-01;6;12.3016910910691;6.45560118388035;18.1477809982578;83.8178136357144;97.1601884505767;-0.101465464144623;8.30380074730179;11.6921798143775;0
2001-09-01;12;12.3003766323486;6.45192932882959;18.1488239358677;9.07163511014988;29.5466204021799;-0.022597940917476;8.21312651024484;11.6968946070381;412.453535465882
2001-09-01;18;12.2990570728821;6.44824978634584;18.1498643594183;279.188781140491;88.7592778413011;0.0565756270764627;8.12231485411591;11.7016145730724;0.0981233475263279
2001-10-01;0;12.1310237256384;5.99295711813888;18.269090333138;184.803569090952;155.860518230913;10.1385764616941;-3.06253517452813;12.2761332149991;0
2001-10-01;6;12.1296672761155;5.98910403229888;18.2702305199321;93.6467344645333;90.6810300201366;10.2199634330717;-3.1595288893262;12.2811264876332;0
2001-10-01;12;12.1283156505511;5.98525598112293;18.2713753199793;6.28313519737679;17.8421131892003;10.3010609669319;-3.25648732913824;12.2861193388564;455.996033925522
2001-10-01;18;12.1269689384415;5.98141307880629;18.2725247980766;267.548283977319;87.0229278953759;10.3818636935128;-3.35340895936712;12.2911117192703;3.77561043753798
2001-11-01;0;12.0261444610651;5.58935183257742;18.4629370895528;180.657123549622;144.672764424778;16.4313323360935;-14.3251360529041;12.8735852569754;0
2001-11-01;6;12.0260159016022;5.58699777921701;18.4650340239874;103.617185563726;85.2391678041862;16.4390459038666;-14.4054032121821;12.8780362447704;12.703447673997
2001-11-01;12;12.0259014242538;5.58466262977343;18.4671402187342;3.31208216808642;6.52505710901116;16.4459145447723;-14.4854291959688;12.8824775889607;478.125880811323
2001-11-01;18;12.0258010696122;5.58234647898889;18.4692556602356;256.495646856159;84.4780920616142;16.4519358232655;-14.5652122440234;12.8869091812467;17.4815679619714
2001-12-01;0;12.1141042990966;5.46188567868735;18.7663229195059;182.34078261459;137.2168880805;11.1537420542011;-21.7504682731857;13.3044372408186;0
2001-12-01;6;12.1156552876859;5.46223773618463;18.7690728391871;111.018575809148;83.870113393415;11.0606827388479;-21.7896946382057;13.3068351030025;21.5758198415542
2001-12-01;12;12.1172173572185;5.46261340545428;18.7718213089828;117.164704669624;1.83457543011737;10.9669585668877;-21.8284868255069;13.3092079035285;481.298621093807
2001-12-01;18;12.1187904119883;5.46301265112001;18.7745681728566;250.013562027392;80.7690249781514;10.8725752807017;-21.8668436109826;13.3115555217366;44.8313934678421
2002-01-01;0;12.3537526608194;5.66153120489954;19.0459741167393;186.992569315083;135.651512840488;-3.22515964916398;-23.0459104289803;13.3844429118397;0
2002-01-01;6;12.3557244366193;5.66412016292978;19.0473287103089;113.363474427767;86.5443603585485;-3.34346619716056;-23.0261343377884;13.3832085473791;5.76945473399418
2002-01-01;12;12.3576909796932;5.66671861601151;19.0486633433748;112.950907024658;5.36317592145281;-3.46145878158948;-23.0058794512926;13.3819447273633;479.242795386477
2002-01-01;18;12.3596521576726;5.66932639738977;19.0499779179555;250.002803936291;77.2472418474569;-3.579129460358;-22.9851463875759;13.3806515205657;73.6197560011292
2002-02-01;0;12.5252462350518;6.00587431701906;19.0446181530844;191.998335620584;140.971361325583;-13.5147741031052;-17.2564576313379;13.0387438360654;0
2002-02-01;6;12.5258375400731;6.00848777486601;19.0431873052802;108.836839093632;90.9458098418507;-13.5502524043856;-17.1858762763516;13.0346995304142;0
2002-02-01;12;12.5264145447018;6.01109418087728;19.0417349085262;63.8345507490734;8.41177000026711;-13.5848726821052;-17.1149793240605;13.0306407276489;475.849593278343
2002-02-01;18;12.5269772476714;6.01369346870601;19.0402610266368;256.548029671804;76.8329838248224;-13.6186348602839;-17.0437685305552;13.0265675579308;77.0830003962721
2002-03-01;0;12.508515024288;6.24745888481564;18.7695711637604;195.365079034465;150.243300740831;-12.5109014572826;-7.79779049630021;12.5221122789448;0
2002-03-01;6;12.5077156928748;6.24914961159653;18.7662817741532;99.9437669309858;94.2767859110047;-12.4629415724904;-7.7029974605783;12.5171321625566;0
2002-03-01;12;12.5069074440609;6.25083307367534;18.7629818144464;29.8562701525597;15.2750869390677;-12.4144466436513;-7.60808854031932;12.512148740771;462.783982155393
2002-03-01;18;12.5060903596564;6.25250931839326;18.7596714009195;265.628128198444;80.262703630261;-12.3654215793823;-7.51306545734317;12.5071620825262;48.8685230090858
2002-04-01;0;12.3682438374235;6.41945456396334;18.3170331108837;198.595009245124;162.482177974513;-4.09463024541098;4.32465709059759;11.8975785469204;0
2002-04-01;6;12.3670021558172;6.42069270240547;18.313311609229;87.8249637015942;96.714449529479;-4.02012934903347;4.42128588970855;11.8926189068235;0
2002-04-01;12;12.3657623202602;6.42193104376444;18.309593596756;12.5218299378637;26.0791398679118;-3.94573921561204;4.51783121779204;11.8876625529915;427.449098039222
2002-04-01;18;12.3645244124596;6.42316964491262;18.3058791800065;276.2771266313;86.5693497225559;-3.87146474757416;4.61429156209751;11.8827095350939;5.65681124871388
2002-05-01;0;12.2530931653898;6.58226403743571;17.9239222933439;211.265126674976;172.918502811942;2.8144100766132;14.9072969825162;11.3416582559081;0
2002-05-01;6;12.2525725327216;6.58381513486235;17.9213299305809;77.2281352057699;98.7568319562828;2.84564803670236;14.9833822477284;11.3375147957185;0
2002-05-01;12;12.2520611473248;6.58536991331229;17.9187523813372;6.18209403233095;36.2497704127665;2.8763311605144;15.0592096753357;11.3333824680249;378.746970877221
2002-05-01;18;12.2515590406829;6.58692836138364;17.9161897199822;285.466315502687;91.9632356193861;2.90645755902563;15.1347778897374;11.3292613585985;0
2002-06-01;0;12.2615255870706;6.79077158967278;17.7322795844684;285.697611651971;176.221453341769;2.30846477576503;21.9770190157018;10.9415079947956;0
2002-06-01;6;12.2621458532241;6.79241717980934;17.7318745266389;70.5228800281754;101.166978670809;2.27124880655168;22.011660967772;10.9394573468296;0
2002-06-01;12;12.2627730851981;6.79405842229619;17.7314877481001;5.33874576653358;43.2174359752046;2.23361488811151;22.0459035411459;10.9374293258039;337.571693514428
2002-06-01;18;12.2634072123397;6.79569520728132;17.731119217398;292.016330452975;94.3068841557949;2.19556725962087;22.0797459690159;10.9354240101167;0
2002-07-01;0;12.3613516818837;6.9254357400988;17.7972676236686;294.119131916074;174.539096060522;-3.68110091302353;23.1442192460823;10.8718318835698;0
2002-07-01;6;12.3621653069867;6.92576545314272;17.7985651608307;69.8738155488036;102.82911071002;-3.72991841920197;23.1281466821116;10.8727997076879;0
2002-07-01;12;12.3629746049473;6.92607827548791;17.7998709344067;7.16131229512052;44.4296241599519;-3.77847629683837;23.1116526940109;10.8737926589188;329.815660316666
2002-07-01;18;12.363779482192;6.92637413637751;17.8011848280064;293.468088589631;93.377153304803;-3.82676893151805;23.0947377232748;10.8748106916289;0
2002-08-01;0;12.4060435004266;6.82508692723992;17.9870000736132;244.680510259079;173.596271809108;-6.36261002559314;18.1557446686086;11.1619131463733;0
2002-08-01;6;12.4058103402341;6.82309818850888;17.9885224919593;74.9687538269812;101.852897755029;-6.34862041404423;18.0933653223156;11.1654243034504;0
2002-08-01;12;12.4055666253834;6.82109150766524;17.9900417431016;9.11896832238051;39.4833291852021;-6.33399752300556;18.0306783002965;11.1689502354364;360.379952160993
2002-08-01;18;12.4053123582521;6.81906693492549;17.9915577815787;288.913464191092;90.9451244464783;-6.31874149512556;17.9676848544107;11.1724908466532;0
2002-09-01;0;12.3042928619728;6.46283757414284;18.1457481498027;200.053641121554;166.730037758484;-0.257571718366441;8.48195326161683;11.6829105756599;0
2002-09-01;6;12.3029884658411;6.45918089081024;18.1467960408719;83.7415762979847;97.2086616887212;-0.179307950463421;8.39155122148935;11.6876151500616;0
2002-09-01;12;12.3016788268159;6.45551632381672;18.1478413298151;9.08385603520156;29.6364011365935;-0.1007296089544;8.30100901186544;11.6923250059984;412.042636013662
2002-09-01;18;12.3003640166759;6.4518439725701;18.1488840607817;279.277822445588;88.7733565105681;-0.021841000554164;8.21032803194395;11.6970400882116;0.0918603357560296
2002-10-01;0;12.1323458163812;5.99669244302992;18.2679991897325;184.870038322516;155.952444121963;10.059251017127;-2.96875641232386;12.2713067467026;0
2002-10-01;6;12.130984551248;5.99283430941063;18.2691347930853;93.566349763938;90.7331502103265;10.1409269251208;-3.06578478063874;12.2763004836747;0
2002-10-01;12;12.1296280232898;5.9889810998627;18.2702749467169;6.31548359164924;17.9373431691032;10.2223186026116;-3.16277935588651;12.2812938468542;455.724610545867
2002-10-01;18;12.1282763220094;5.98513292847875;18.27141971554;267.642907191131;87.0380247085809;10.3034206794384;-3.25973860537163;12.2862867870612;3.71864713656324
2002-11-01;0;12.0262587049788;5.59161432947488;18.4609030804826;180.661486024751;144.750286329353;16.4244777012748;-14.2475909746942;12.8692887510077;0
2002-11-01;6;12.0261163489494;5.58924180132674;18.4629908965721;103.545025761038;85.2675895856808;16.4330190630342;-14.3280918337328;12.8737490952454;12.533846277342
2002-11-01;12;12.0259880355864;5.58688808539408;18.4650879857788;3.28566385769182;6.60208418275207;16.4407178648151;-14.4083532209059;12.8781999003847;478.04415000374
2002-11-01;18;12.0258738063455;5.58455327699226;18.4671943356987;256.568415890486;84.5037591622756;16.4475716192709;-14.4883733763816;12.8826410587064;17.3136616566552
2002-12-01;0;12.1125725619546;5.46150796592563;18.7636371579837;182.311644379273;137.255507586279;11.2456462827215;-21.712687954769;13.302129192058;0
2002-12-01;6;12.1141126639651;5.46183700313321;18.766388324797;110.975850245576;83.8628417580216;11.1532401620951;-21.7523350659087;13.3045513216637;21.6260490174506
2002-12-01;12;12.1156639399599;5.46218968662441;18.7691381932954;116.419661288679;1.79887443573195;11.0601636024065;-21.7915491877889;13.306948506671;481.309128043837
2002-12-01;18;12.1172262952585;5.46256598242726;18.7718866080897;250.04133752407;80.8015185427995;10.9664222844899;-21.8303290859027;13.3093206256625;44.5739351998095
2003-01-01;0;12.3517994282026;5.6589719673787;19.0446268890266;186.950883109367;135.635569163844;-3.10796569215788;-23.065321907496;13.3856549216479;0
2003-01-01;6;12.3537762220539;5.66155166014149;19.0460007839663;113.372201760456;86.5120744244913;-3.2265733232332;-23.0460099360995;13.3844491238248;5.91629473583473
2003-01-01;12;12.355747912643;5.66414101070109;19.0473548145849;113.257739707939;5.34546941706638;-3.34487475857834;-23.0262185677691;13.3832138038838;479.258133346473
2003-01-01;18;12.3577143670326;5.66673985248178;19.0486888815833;249.974163742544;77.2664333700926;-3.46286202195318;-23.0059484058408;13.3819490291015;73.459569724021
2003-02-01;0;12.5246335473419;6.00329416688232;19.0459729278014;191.962601117792;140.905957856775;-13.4780128405118;-17.3250701730739;13.0426787609191;0
2003-02-01;6;12.525238802951;6.00591457466041;19.0445630312416;108.89732539197;90.911669222645;-13.5143281770601;-17.2547937833971;13.0386484565812;0
2003-02-01;12;12.5258297602941;6.00852799627145;19.0431315243167;64.2237201746237;8.37131987111843;-13.5497856176459;-17.1842000827989;13.0346035280453;475.904388356444
2003-02-01;18;12.5264064169949;6.01113436406014;19.0416784699297;256.47758665955;76.8189883089245;-13.5843850196939;-17.1132908246352;13.0305441058695;77.2001800592729
2003-03-01;0;12.5092641483345;6.24579240907449;18.7727358875946;195.340628290043;150.151522653139;-12.5558489000716;-7.88969795590513;12.5269434785201;0
2003-03-01;6;12.5084736049296;6.24749038864692;18.7694568212123;100.033598952908;94.2529323252205;-12.5084162957762;-7.79501516929028;12.5219664325654;0
2003-03-01;12;12.5076740649741;6.24918105799786;18.7661670719504;30.0594260263758;15.1991499530006;-12.4604438984478;-7.70021482228691;12.5169860139525;462.969182291641
2003-03-01;18;12.5068656099846;6.250864463953;18.7628667560161;265.544276016275;80.2201517802381;-12.4119365990742;-7.60529863869719;12.5120022920631;49.2098563967437
2003-04-01;0;12.3694402970744;6.41825436374856;18.3206262304003;198.559301128969;162.387685057632;-4.16641782446653;4.23125077076385;11.9023718666518;0
2003-04-01;6;12.3681969819533;6.41949253248629;18.3169014314203;87.9192340903586;96.6982365988563;-4.09181891719728;4.32796266195802;11.897408898934;0
2003-04-01;12;12.3669554338393;6.42073084902079;18.3131800186579;12.6048967604044;25.9914902241207;-4.01732603036071;4.4245925426724;11.8924491696371;427.805807704501
2003-04-01;18;12.3657157346414;6.4219693704902;18.3094620987926;276.19675583551;86.5187658093278;-3.94294407848323;4.52113889899168;11.8874927283024;5.88574137635437
2003-05-01;0;12.2536106285271;6.58078695733374;17.9264342997205;211.02195693236;172.851256007;2.78336228837152;14.8339959927756;11.3456473423868;0
2003-05-01;6;12.253081205219;6.58233468938404;17.9238277210539;77.3002882534895;98.7393662853995;2.81512768686032;14.9103319752371;11.3414930316699;0
2003-05-01;12;12.2525609986351;6.5838861129424;17.9212358843278;6.20713649599429;36.1781245679653;2.84634008189414;14.9864114370255;11.3373497713854;379.138854146784
2003-05-01;18;12.2520500409192;6.58544121742671;17.9186588644116;285.401235223805;91.9303301616251;2.87699754485024;15.0622330005217;11.3332176469849;0
2003-06-01;0;12.2609563619887;6.78922124346363;17.7326914805138;285.237550227496;176.237177354463;2.34261828067791;21.9438542161721;10.9434702370501;0
2003-06-01;6;12.2615699953987;6.79087112291679;17.7322688678807;70.5520322335942;101.149073742341;2.30580027607638;21.9788819282324;10.9413977449639;0
2003-06-01;12;12.2621906622932;6.7925167598685;17.7318645647178;5.33139849978267;43.1844274029053;2.26856026241019;22.0135109893212;10.9393478048493;337.780535554922
2003-06-01;18;12.2628182927219;6.79415804485359;17.7314785405902;291.983419643451;94.3030961935302;2.23090243668549;22.0477406245801;10.9373204957366;0
2003-07-01;0;12.3606027813633;6.92516100665614;17.7960445560705;294.313373912348;174.542716684359;-3.6361668817993;23.1599642762433;10.8708835494144;0
2003-07-01;6;12.3614206086233;6.92550702833536;17.7973341889112;69.8548409727366;102.824203611257;-3.68523651739815;23.1442976706275;10.8718271605759;0
2003-07-01;12;12.3622341985611;6.92583622706406;17.7986321700581;7.14385142228025;44.4447569003474;-3.73405191366505;23.1282092097481;10.872795942994;329.717777769428
2003-07-01;18;12.3630434571851;6.92614853117938;17.7999383831907;293.480193468775;93.3927994326528;-3.78260743110293;23.111699325672;10.8737898520113;0
2003-08-01;0;12.4063045434227;6.82704683933893;17.9855622475064;245.178040386109;173.620455127292;-6.37827260536069;18.216066154056;11.1585154081675;0
2003-08-01;6;12.4060815381101;6.82507536203435;17.9870877141858;74.9112488020458;101.875753259851;-6.36489228660511;18.1539827925286;11.1620123521515;0
2003-08-01;12;12.4058479753607;6.82308589362985;17.9886100570916;9.11030578975425;39.5441241050318;-6.35087852164386;18.0915905484561;11.1655241634618;360.022089347285
2003-08-01;18;12.4056038567434;6.82107848361844;17.9901292298683;288.971843779622;90.963998099255;-6.33623140460107;18.0288906708436;11.1690507462498;0
2003-09-01;0;12.3055799612471;6.46639636175236;18.1447635607418;200.256534302735;166.806349296386;-0.334797674824212;8.56922067430867;11.6783671989894;0
2003-09-01;6;12.304280529622;6.46274716645584;18.1458138927881;83.665620653979;97.2569199170445;-0.256831777317515;8.47895332998729;11.6830667263322;0
2003-09-01;12;12.3029757853222;6.45908999107205;18.1468615795724;9.09594175592042;29.72582788416;-0.178547119332521;8.38854446980177;11.6877715885003;411.632234932493
2003-09-01;18;12.3016657998517;6.45542493487132;18.1479066648321;279.36651067092;88.7873914984895;-0.0999479911027944;8.29799549250528;11.6924817299608;0.0858952246271997
2003-10-01;0;12.1336730115313;6.0004281762565;18.2669178468062;184.937151727203;156.044176526253;9.97961930811956;-2.87513597165527;12.2664896705497;0
2003-10-01;6;12.1323070251725;5.9965651229486;18.2680489273964;93.4861387539121;90.7852884725046;10.0615784896501;-2.9721970935593;12.2714838044478;0
2003-10-01;12;12.130945689199;5.99270688328771;18.2691844951103;6.3478193746613;18.0324329490641;10.1432586480591;-3.06922589883444;12.2764776118226;455.452194308366
2003-10-01;18;12.129589093116;5.98885357126208;18.2703246149699;267.737414812299;87.0529962462519;10.2246544130396;-3.16622085667829;12.2814710437079;3.66253661436364
2003-11-01;0;12.0263878209511;5.59389326151086;18.4588823803914;180.666244990841;144.827924532056;16.4167307429314;-14.169926987776;12.8649891188806;0
2003-11-01;6;12.0262317114494;5.59150237426703;18.4609610486318;103.47283427391;85.2962654161596;16.4260973130354;-14.2506590071928;12.8694586743648;12.363440737399
2003-11-01;12;12.0260896042358;5.58913020700484;18.4630490014668;3.26166741363136;6.67924837491064;16.4346237458513;-14.3311532549332;12.873918794462;477.961316406129
2003-11-01;18;12.0259615416211;5.58677685560388;18.4651462276384;256.641374091755;84.5292739532686;16.4423075027325;-14.4114079716328;12.8783693720345;17.1471802199817
2003-12-01;0;12.1110526377642;5.46115431245255;18.7609509630759;182.282714520797;137.29453407849;11.3368417341474;-21.6744836107024;13.2997966506233;0
2003-12-01;6;12.1125817534611;5.46146032102473;18.7637031858975;110.932776900301;83.8558622220469;11.2450947923338;-21.7145491911845;13.3022428648727;21.6742865355202
2003-12-01;12;12.1141221350695;5.46179000896698;18.7664542611721;115.62999981395;1.76344635412293;11.1526718958272;-21.7541829805616;13.3046642522051;481.319350629364
2003-12-01;18;12.1156736889427;5.46214334370902;18.7692040341763;250.069566571283;80.8340127611937;11.0595786634399;-21.7933837340661;13.3070606904673;44.3166795384783
2004-01-01;0;12.3498408025895;5.65642578212164;19.0432558230574;186.909229314858;135.620205596065;-2.99044815537156;-23.084136433768;13.3868300409358;0
2004-01-01;6;12.3518224729705;5.65899606226822;19.0446488836727;113.380352413392;86.4799402981039;-3.10934837822782;-23.0652882756602;13.3856528214045;6.06389015271127
2004-01-01;12;12.3537991701421;5.66157616263728;19.0460221776468;113.560944079506;5.32763326964272;-3.22795020852287;-23.0459601373451;13.3844460150095;479.273532480464
2004-01-01;18;12.3557707606118;5.66416591685128;19.0473756043723;249.946084281646;77.2858763164433;-3.34624563670685;-23.0261526073778;13.383209687521;73.2973093518643
2004-02-01;0;12.5240055034662;6.00071179075666;19.0472992161757;191.926801396669;140.841092066092;-13.4403302079708;-17.3931661982227;13.0465874254191;0
2004-02-01;6;12.5246247050734;6.00333908439801;19.0459103257489;108.957253209339;90.8775257846763;-13.4774823044071;-17.3231961609056;13.0425712413509;0
2004-02-01;12;12.5252296117656;6.00595945879793;19.0444997647333;64.6128025806702;8.33130607409875;-13.5137767059364;-17.2529071068666;13.0385403059353;475.958334398112
2004-02-01;18;12.5258202200521;6.00857284499313;19.043067595111;256.407566281684;76.8053755104951;-13.5492132031239;-17.1823007866407;13.0344947501179;77.3141657853479
2004-03-01;0;12.5068226880884;6.25090061324417;18.7627447629327;195.414633807449;150.438885953323;-12.4093612853058;-7.60228591755915;12.5118441496885;0
2004-03-01;6;12.5060052080503;6.252576750337;18.7594336657636;99.7520985593916;94.3261241441056;-12.3603124830172;-7.50724866230313;12.5068569154266;0
2004-03-01;12;12.5051789793891;6.25424572062877;18.7561122381493;29.4256955834327;15.4365554563906;-12.3107387633433;-7.41209906432245;12.5018665175206;462.387190325035
2004-03-01;18;12.5043440845296;6.25590757253621;18.7527805965229;265.805942403663;80.3546694035148;-12.2606450717734;-7.31683884156517;12.4968730239867;48.1318515391852
2004-04-01;0;12.3656698498999;6.42201256408173;18.3093271357181;198.672154597998;162.684488050693;-3.94019099399441;4.52460883709387;11.8873145716364;0
2004-04-01;6;12.3644322352529;6.42325152708203;18.3056129434237;87.6230704179581;96.7489432895957;-3.86593411517324;4.62107043010906;11.8823614163417;0
2004-04-01;12;12.3631966355564;6.42449081038943;18.3019024607234;12.3453851377362;26.266917389654;-3.79179813338559;4.71744541761115;11.877411650334;426.681149530802
2004-04-01;18;12.3619631320968;6.42573047030767;18.2981957938859;276.449121807316;86.6778068506959;-3.71778792580828;4.81373228889636;11.8724653235783;5.17835949592007
2004-05-01;0;12.2520409313189;6.58551611728875;17.918565745349;211.811922007498;173.06255172283;2.87754412086695;15.0653148970057;11.3330496280603;0
2004-05-01;6;12.2515396879129;6.58707519561078;17.916004180215;77.0728754291853;98.7953265569344;2.90761872522621;15.140870256552;11.3289289846042;0
2004-05-01;12;12.2510477570299;6.58863793075929;17.9134575833005;6.12997920964756;36.404357429344;2.93713457820686;15.2161649060343;11.3248196525412;377.899163025261
2004-05-01;18;12.25056516873;6.59020430955664;17.9109260279033;285.606995340492;92.0332876130923;2.96608987620253;15.2911974739084;11.3207217183466;0
2004-06-01;0;12.2628649415444;6.79425692460405;17.7314729584848;286.684592603878;176.184986783672;2.22810350733555;22.0495039251208;10.9372160338807;0
2004-06-01;6;12.2634998471158;6.79589373928995;17.7311059549417;70.4595551232001;101.207354275721;2.1900091730496;22.0833193141579;10.9352122156518;0
2004-06-01;12;12.2641415716384;6.79752597737558;17.7307571659012;5.35667684611786;43.2897392794254;2.15150570169603;22.1167337072494;10.9332311885256;337.113797370948
2004-06-01;18;12.2647900429416;6.79915352817683;17.7304265577063;292.088781102531;94.3139469085542;2.11259742350693;22.1497463550042;10.9312730295295;0
2004-07-01;0;12.3631115311299;6.92621241972939;17.8000106425304;293.706020737955;174.528732399456;-3.78669186779344;23.1115602601299;10.873798222801;0
2004-07-01;6;12.3639163019918;6.92650719655254;17.801325407431;69.9140907400285;102.841996605145;-3.83497811950515;23.0946127719156;10.8748182108784;0
2004-07-01;12;12.3647165507392;6.92678493462395;17.8026481668545;7.20161658802817;44.3985438049553;-3.8829930443547;23.0772447603554;10.8758632322306;330.016615054831
2004-07-01;18;12.365512184694;6.92704556513659;17.8039788042515;293.443935094797;93.342009505509;-3.9307310816428;23.0594566874823;10.8769332391149;0
2004-08-01;0;12.4056387477841;6.82105637880979;17.9902211167584;243.639343348486;173.541104962226;-6.33832486704449;18.0268632334505;11.1691647379486;0
2004-08-01;6;12.4053836674989;6.81903034680478;17.9917369881929;75.0922956351344;101.806082864927;-6.32302004993198;17.9638440323895;11.1727066413882;0
2004-08-01;12;12.4051180360227;6.81698647531671;17.9932495967287;9.14093227730211;39.3537617985675;-6.30708216136172;17.9005197522983;11.176263121412;361.141116670547
2004-08-01;18;12.4048418574667;6.81492481611458;17.9947588988188;288.789517761521;90.9027777591243;-6.29051144800062;17.8368916513389;11.1798340827042;0
2004-09-01;0;12.3016512128396;6.45532623764693;18.1479761880322;199.633187059434;166.56526566499;-0.099072770374304;8.29476086980548;11.6926499503853;0
2004-09-01;6;12.3003357277533;6.4516529412771;18.1490185142294;83.9050562928721;97.1067305533167;-0.0201436651960975;8.20406687151408;11.6973655729523;0
2004-09-01;12;12.299015147216;6.44797196608628;18.1500583283457;9.06118501700018;29.4448344547022;0.0590911670406254;8.1132356112323;11.7020863622594;412.91801303303
2004-09-01;18;12.2976895436007;6.44428341178367;18.1510956754176;279.088202803359;88.741654922945;0.13862738396056;8.02226848912092;11.706812263634;0.106366110139471
2004-10-01;0;12.129550794778;5.98872289714027;18.2703786924158;184.729559491614;155.755282568507;10.2269523133191;-3.16980904803524;12.2816557952755;0
2004-10-01;6;12.1281989824931;5.98487456762324;18.2715233973629;93.7388989495868;90.6219486035777;10.3080610504167;-3.26676813981409;12.2866488297396;0
2004-10-01;12;12.1268520918138;5.98103139766961;18.272672785958;6.24758015123638;17.733233272573;10.3888744911722;-3.36369025941532;12.2916413882884;456.304651281112
2004-10-01;18;12.1255102122397;5.9771935015989;18.2738269228806;267.440224655066;87.0051439518243;10.4693872656155;-3.46057387020196;12.2966334212817;3.84320386893369
2004-11-01;0;12.0259375969368;5.58666745080273;18.4652077430709;180.650234195275;144.583450193456;16.4437441837911;-14.4144887341695;12.8785402922682;0
2004-11-01;6;12.0258238805182;5.58433341636328;18.4673143446731;103.699959244658;85.2053883083133;16.4505671689097;-14.4944943231558;12.8829809283098;12.9059233311891
2004-11-01;12;12.0257242923945;5.58201839134825;18.4694301934408;3.33332198912012;6.4362246163647;16.4565424563275;-14.5742568002144;12.8874118020926;478.218952296054
2004-11-01;18;12.0256388722047;5.57972246987616;18.4715552745331;256.41137176917;84.4495857202202;16.4616676677209;-14.6537744046848;12.891832804657;17.6685496203375
2004-12-01;0;12.1156853886667;5.46210234993953;18.7692684273938;182.370452552375;137.171377353871;11.0588766799994;-21.7951070828224;13.3071660774543;0
2004-12-01;6;12.1172482783583;5.46247996740963;18.7720165893069;111.06796586261;83.8756853289738;10.9651032985049;-21.8338590420406;13.3095366218972;21.5373501981096
2004-12-01;12;12.1188221478586;5.46288116242069;18.7747631332964;118.054973277076;1.87429964511659;10.8706711284861;-21.872175463463;13.3118819708758;481.286687491472
2004-12-01;18;12.1204069003146;5.46330589802751;18.7775079026017;249.979599750667;80.7336722519537;10.7755859811246;-21.910055134588;13.3142020045742;45.1117395434333
2005-01-01;0;12.3557925222455;5.66419668522186;19.0473883592691;187.036100280596;135.667916517345;-3.34755133472955;-23.0258639595069;13.3831916740473;0
2005-01-01;6;12.3577587443399;5.66679631759289;19.0487211710868;113.354538830333;86.5780131102873;-3.46552466039123;-23.0055608828192;13.3819248534939;5.6179672854293
2005-01-01;12;12.359719591133;5.66940526629798;19.050033915968;112.63409253545;5.38188154023351;-3.58317546797919;-22.9847796492331;13.38062864967;479.226537031107
2005-01-01;18;12.3616749308831;5.67202336436632;19.0513264973999;250.032615221087;77.2271749584771;-3.70049585298687;-22.9635208933179;13.3793031330336;73.7872742032718
2005-02-01;0;12.5258077545473;6.00862197845247;19.0429935306421;192.035532918294;141.044435525439;-13.5484652728358;-17.1801496584365;13.0343715521896;0
2005-02-01;6;12.5263837116879;6.01122826008302;19.0415391632928;108.768905142078;90.9822029942257;-13.5830227012747;-17.1092153804846;13.0303109032098;0
2005-02-01;12;12.5269453670379;6.01382741773878;19.040063316337;63.4002754377034;8.45572430225893;-13.6167220222744;-17.0379673966737;13.0262358985983;475.789754116919
2005-02-01;18;12.5274927205645;6.01641938652248;19.0385660546064;256.62585473582;76.8502040683705;-13.6495632338676;-16.9664074663275;13.0221466680839;76.9388361867639
2005-03-01;0;12.5075868381885;6.24925714170799;18.765916534669;195.390455306969;150.347250371105;-12.4552102913089;-7.69399586351481;12.516659392961;0
2005-03-01;6;12.5067780142653;6.25094043940989;18.7626155891208;99.84184227557;94.3025831669058;-12.4066808559205;-7.59906629323363;12.5116751497109;0
2005-03-01;12;12.5059603621552;6.25261652381187;18.7593042004985;29.6250980749636;15.3605187193843;-12.3576217293123;-7.50402271598901;12.5066876766867;462.574549419835
2005-03-01;18;12.5051339640008;6.25428544283193;18.7559824851696;265.722411671155;80.3119308988931;-12.3080378400462;-7.40886685170116;12.5016970423377;48.4740203648633
2005-04-01;0;12.366864445637;6.42082068535018;18.3129082059238;198.63595378411;162.590434609426;-4.01186673822079;4.43163775797822;11.8920875205737;0
2005-04-01;6;12.3656250715096;6.42205956076957;18.3091905822497;87.7169296916744;96.7328856236463;-3.93750429057646;4.52818379650886;11.8871310214801;0
2005-04-01;12;12.3643876336133;6.42329870172616;18.3054765655004;12.4270565172772;26.1795865958729;-3.86325801679821;4.62464468270787;11.8821778637743;427.03893889262
2005-04-01;18;12.3631522134392;6.42453816479634;18.301766262082;276.369161881684;86.6274092947699;-3.78913280634915;4.72101890474402;11.8772280972856;5.39855353506872
2005-05-01;0;12.2525449646445;6.58403773463855;17.9210521946505;211.559396079215;172.996170264711;2.8473021213275;14.992566155853;11.337014460012;0
2005-05-01;6;12.2520348787603;6.58559342389647;17.9184763336242;77.144446888673;98.7778807879266;2.87790727437931;15.0683728497252;11.3328829097277;0
2005-05-01;12;12.2515340758829;6.58715278169364;17.9159153700723;6.15439795968098;36.3332293397002;2.90795544702316;15.1439201442793;11.3287625883786;378.289636856342
2005-05-01;18;12.2510425867401;6.58871579567795;17.9133693778023;285.542350924081;92.0007809040616;2.93744479559128;15.2192066659265;11.3246535821244;0
2005-06-01;0;12.2622853592103;6.79271200578343;17.7318587126372;286.241853253104;176.201217063193;2.26287844738078;22.016907143431;10.9391467068538;0
2005-06-01;6;12.2629137382172;6.79435323039545;17.7314742460389;70.4881241617323;101.189506023139;2.22517570696868;22.0511077794788;10.9371210156435;0
2005-06-01;12;12.2635490049843;6.7959899841371;17.7311080258314;5.34908024742913;43.2572804959511;2.18705970094386;22.084908134653;10.9351180416943;337.319433264718
2005-06-01;18;12.2641910880343;6.79762215669383;17.7307600193748;292.0563521821;94.3104864378547;2.14853471794084;22.1183074514645;10.933137862681;0
2005-07-01;0;12.3623693522828;6.92595655860118;17.7987821459643;293.903269507156;174.53225205949;-3.74216113696533;23.1277168460857;10.8728255873632;0
2005-07-01;6;12.3631784652182;6.92626770654388;17.8000892238926;69.8947435356245;102.837300674123;-3.7907079130937;23.1111732617497;10.8738215173487;0
2005-07-01;12;12.3639831451395;6.92656188214236;17.8014044081366;7.18419062662031;44.4140842843312;-3.83898870836739;23.0942087130892;10.8748425259942;329.916149385413
2005-07-01;18;12.364783298935;6.92683901567676;17.8027275821932;293.456449439331;93.3577168919306;-3.88699793610001;23.0768236528105;10.8758885665165;0
2005-08-01;0;12.4059152329022;6.82303250862183;17.9887979571826;244.130550495142;173.566144501248;-6.35491397413226;18.087302130625;11.1657654485607;0
2005-08-01;6;12.4056702955746;6.82102364338845;17.9903169477607;75.034772333853;101.829213118573;-6.34021773447606;18.0245765157909;11.1692933043723;0
2005-08-01;12;12.4054148030125;6.81899688886743;17.9918327171576;9.13254027370169;39.4147012578658;-6.32488818075189;17.9615446189293;11.1728358282902;360.783375910644
2005-08-01;18;12.4051487585246;6.81695229611488;17.9933452209343;288.848081869948;90.92148521805;-6.30892551147488;17.8982076954248;11.1763929248194;0
2005-09-01;0;12.3029450735706;6.45888621588376;18.1470039312574;199.831555051769;166.641739663628;-0.176704414234444;8.38189174880002;11.6881177153736;0
2005-09-01;6;12.3016344444301;6.45522027818076;18.1480486106795;83.8293082769089;97.1550765980203;-0.0980666658077228;8.29133080005311;11.6928283324987;0
2005-09-01;12;12.3003186497172;6.45154656527686;18.1490907341576;9.07367804965588;29.5341360902687;-0.0191189830343186;8.2006312490476;11.6975441688808;412.510582989466
2005-09-01;18;12.2989977615344;6.44786517674451;18.1501303463244;279.176800991156;88.7555256906068;0.0601343079337003;8.10979449547019;11.7022651695799;0.0998404762193924
2005-10-01;0;12.1308700329992;5.99244426944682;18.2692957965515;184.795290257851;155.846786293915;10.1477980200505;-3.07648994613254;12.2768515271047;0
2005-10-01;6;12.1295133674208;5.9885908853134;18.2704358495282;93.6589271042703;90.6738612781713;10.2291979547528;-3.17348299378482;12.2818449642148;0
2005-10-01;12;12.1281615366145;5.98474255016947;18.2715805230595;6.28030046379388;17.8279970599175;10.3103078031317;-3.27044054469792;12.28683797289;456.036148742125
2005-10-01;18;12.126814630087;5.98089937823074;18.2727298819432;267.534405844242;87.0201140462102;10.3911221947805;-3.36736106416984;12.2918305037125;3.78627004831729
2005-11-01;0;12.0260446287915;5.5889155318994;18.4631737256837;180.654383477394;144.660641395885;16.4373222725076;-14.3372758200837;12.8742581937843;0
2005-11-01;6;12.0259170928892;5.58656302906814;18.4652711567102;103.628066029545;85.2335857976279;16.4449744266488;-14.417513796578;12.8787081276421;12.7368390771827
2005-11-01;12;12.0258036462329;5.58422944430787;18.4673778481579;3.30551632053266;6.51291563923097;16.4517812260274;-14.4975103606908;12.88314840385;478.138676594516
2005-11-01;18;12.0257043293299;5.58191487231601;18.4694937863439;256.483801429762;84.4752290110726;16.4577402402042;-14.5772637521699;12.8875789140278;17.5003237905908
2005-12-01;0;12.1141476233772;5.46171506272991;18.7665801840245;182.341247244106;137.209867751528;11.1511425973664;-21.7574697241008;13.3048651212946;0
2005-12-01;6;12.1156996738304;5.46206974636951;18.7693296012913;111.025346829223;83.8682956946845;11.058019570175;-21.7966405460976;13.3072598549218;21.5883730857423
2005-12-01;12;12.1172627977107;5.46244804294498;18.7720775524764;117.348088657036;1.8382277868856;10.9642321373582;-21.8353770130266;13.3096295095314;481.297534552083
2005-12-01;18;12.1188368991867;5.46284991691559;18.7748238814578;250.007229980223;80.7661853389168;10.8697860487973;-21.8736779019774;13.3119739645423;44.8539027620076
