#"seq.date" Zenith (refracted) Azimuth Zenith
2001-01-01T00:00:00 98.9642 240.9876 99.0000
2001-01-01T06:00:00 86.3699 113.3543 86.5767
2001-01-01T12:00:00 5.3793 112.6419 5.3808
2001-01-01T18:00:00 77.1598 250.0319 77.2282
2001-02-01T00:00:00 98.9642 247.5889 99.0000
2001-02-01T06:00:00 90.6413 108.7728 90.9746
2001-02-01T12:00:00 8.4453 63.4203 8.4477
2001-02-01T18:00:00 76.7871 256.6177 76.8535
2001-03-01T00:00:00 98.9642 258.1013 99.0000
2001-03-01T06:00:00 94.2245 99.8517 94.3000
2001-03-01T12:00:00 15.3478 29.6474 15.3522
2001-03-01T18:00:00 80.2179 265.7133 80.3070
2001-04-01T00:00:00 98.9642 271.3054 99.0000
2001-04-01T06:00:00 96.6888 87.7309 96.7368
2001-04-01T12:00:00 26.1622 12.4513 26.1699
2001-04-01T18:00:00 86.4070 276.3615 86.6153
2001-05-01T00:00:00 98.9642 282.6832 99.0000
2001-05-01T06:00:00 98.7380 77.1547 98.7747
2001-05-01T12:00:00 36.3111 6.1568 36.3227
2001-05-01T18:00:00 91.8341 285.5326 91.9967
2001-06-01T00:00:00 98.9642 290.2212 99.0000
2001-06-01T06:00:00 98.9642 69.7421 99.0000
2001-06-01T12:00:00 43.2356 5.3441 43.2505
2001-06-01T18:00:00 94.2368 292.0490 94.3120
2001-07-01T00:00:00 98.9642 291.4182 99.0000
2001-07-01T06:00:00 98.9642 68.5995 99.0000
2001-07-01T12:00:00 44.3982 7.1794 44.4137
2001-07-01T18:00:00 93.2644 293.4553 93.3609
2001-08-01T00:00:00 98.9642 286.0227 99.0000
2001-08-01T06:00:00 98.9642 74.0446 99.0000
2001-08-01T12:00:00 39.4078 9.1278 39.4209
2001-08-01T18:00:00 90.5749 288.8535 90.9258
2001-09-01T00:00:00 98.9642 275.5950 99.0000
2001-09-01T06:00:00 97.1110 83.8179 97.1561
2001-09-01T12:00:00 29.5356 9.0644 29.5446
2001-09-01T18:00:00 88.4268 279.1860 88.7624
2001-10-01T00:00:00 98.9642 263.1793 99.0000
2001-10-01T06:00:00 90.1942 93.6459 90.6753
2001-10-01T12:00:00 17.8352 6.2657 17.8403
2001-10-01T18:00:00 86.8016 267.5452 87.0276
2001-11-01T00:00:00 98.9642 250.7831 99.0000
2001-11-01T06:00:00 85.0856 103.6218 85.2487
2001-11-01T12:00:00 6.5229 3.4107 6.5248
2001-11-01T18:00:00 84.3224 256.4985 84.4679
2001-12-01T00:00:00 98.9642 242.4399 99.0000
2001-12-01T06:00:00 83.7335 111.0178 83.8673
2001-12-01T12:00:00 1.8320 117.2131 1.8320
2001-12-01T18:00:00 80.6785 250.0123 80.7719
2002-01-01T00:00:00 98.9642 240.9659 99.0000
2002-01-01T06:00:00 86.3390 113.3627 86.5445
2002-01-01T12:00:00 5.3613 112.9432 5.3628
2002-01-01T18:00:00 77.1791 250.0036 77.2475
2002-02-01T00:00:00 98.9642 247.5122 99.0000
2002-02-01T06:00:00 90.5954 108.8331 90.9407
2002-02-01T12:00:00 8.4047 63.8051 8.4070
2002-02-01T18:00:00 76.7730 256.5475 76.8394
2002-03-01T00:00:00 98.9642 258.0004 99.0000
2002-03-01T06:00:00 94.2003 99.9415 94.2761
2002-03-01T12:00:00 15.2717 29.8484 15.2761
2002-03-01T18:00:00 80.1757 265.6295 80.2645
2002-04-01T00:00:00 98.9642 271.2041 99.0000
2002-04-01T06:00:00 96.6726 87.8254 96.7207
2002-04-01T12:00:00 26.0743 12.5344 26.0821
2002-04-01T18:00:00 86.3582 276.2809 86.5645
2002-05-01T00:00:00 98.9642 282.6041 99.0000
2002-05-01T06:00:00 98.7205 77.2273 98.7573
2002-05-01T12:00:00 36.2391 6.1822 36.2507
2002-05-01T18:00:00 91.7981 285.4672 91.9635
2002-06-01T00:00:00 98.9642 290.1851 99.0000
2002-06-01T06:00:00 98.9642 69.7778 99.0000
2002-06-01T12:00:00 43.2022 5.3368 43.2171
2002-06-01T18:00:00 94.2328 292.0156 94.3080
2002-07-01T00:00:00 98.9642 291.4347 99.0000
2002-07-01T06:00:00 98.9642 68.5826 99.0000
2002-07-01T12:00:00 44.4130 7.1620 44.4285
2002-07-01T18:00:00 93.2803 293.4671 93.3764
2002-08-01T00:00:00 98.9642 286.0872 99.0000
2002-08-01T06:00:00 98.9642 73.9797 99.0000
2002-08-01T12:00:00 39.4685 9.1191 39.4815
2002-08-01T18:00:00 90.6008 288.9117 90.9447
2002-09-01T00:00:00 98.9642 275.6892 99.0000
2002-09-01T06:00:00 97.1596 83.7418 97.2045
2002-09-01T12:00:00 29.6252 9.0765 29.6342
2002-09-01T18:00:00 88.4397 279.2748 88.7765
2002-10-01T00:00:00 98.9642 263.2818 99.0000
2002-10-01T06:00:00 90.2807 93.5652 90.7274
2002-10-01T12:00:00 17.9306 6.2979 17.9357
2002-10-01T18:00:00 86.8162 267.6400 87.0428
2002-11-01T00:00:00 98.9642 250.8700 99.0000
2002-11-01T06:00:00 85.1135 103.5491 85.2774
2002-11-01T12:00:00 6.6005 3.3778 6.6024
2002-11-01T18:00:00 84.3477 256.5718 84.4937
2002-12-01T00:00:00 98.9642 242.4837 99.0000
2002-12-01T06:00:00 83.7268 110.9743 83.8605
2002-12-01T12:00:00 1.7961 116.4414 1.7961
2002-12-01T18:00:00 80.7108 250.0410 80.8045
2003-01-01T00:00:00 98.9642 240.9446 99.0000
2003-01-01T06:00:00 86.3082 113.3706 86.5124
2003-01-01T12:00:00 5.3432 113.2426 5.3447
2003-01-01T18:00:00 77.1986 249.9756 77.2672
2003-02-01T00:00:00 98.9642 247.4359 99.0000
2003-02-01T06:00:00 90.5484 108.8931 90.9067
2003-02-01T12:00:00 8.3644 64.1910 8.3667
2003-02-01T18:00:00 76.7594 256.4775 76.8257
2003-03-01T00:00:00 98.9642 257.8995 99.0000
2003-03-01T06:00:00 94.1758 100.0311 94.2521
2003-03-01T12:00:00 15.1958 30.0507 15.2001
2003-03-01T18:00:00 80.1338 265.5456 80.2222
2003-04-01T00:00:00 98.9642 271.1028 99.0000
2003-04-01T06:00:00 96.6562 87.9200 96.7044
2003-04-01T12:00:00 25.9864 12.6178 25.9941
2003-04-01T18:00:00 86.3094 276.2003 86.5137
2003-05-01T00:00:00 98.9642 282.5247 99.0000
2003-05-01T06:00:00 98.7029 77.3001 98.7398
2003-05-01T12:00:00 36.1668 6.2076 36.1784
2003-05-01T18:00:00 91.7619 285.4016 91.9302
2003-06-01T00:00:00 98.9642 290.1487 99.0000
2003-06-01T06:00:00 98.9642 69.8138 99.0000
2003-06-01T12:00:00 43.1684 5.3297 43.1833
2003-06-01T18:00:00 94.2285 291.9820 94.3039
2003-07-01T00:00:00 98.9642 291.4507 99.0000
2003-07-01T06:00:00 98.9642 68.5661 99.0000
2003-07-01T12:00:00 44.4273 7.1445 44.4429
2003-07-01T18:00:00 93.2962 293.4785 93.3919
2003-08-01T00:00:00 98.9642 286.1515 99.0000
2003-08-01T06:00:00 98.9642 73.9151 99.0000
2003-08-01T12:00:00 39.5288 9.1102 39.5419
2003-08-01T18:00:00 90.6264 288.9696 90.9636
2003-09-01T00:00:00 98.9642 275.7832 99.0000
2003-09-01T06:00:00 97.2081 83.6658 97.2526
2003-09-01T12:00:00 29.7145 9.0884 29.7236
2003-09-01T18:00:00 88.4526 279.3635 88.7906
2003-10-01T00:00:00 98.9642 263.3843 99.0000
2003-10-01T06:00:00 90.3628 93.4846 90.7795
2003-10-01T12:00:00 18.0260 6.3297 18.0312
2003-10-01T18:00:00 86.8307 267.7348 87.0581
2003-11-01T00:00:00 98.9642 250.9572 99.0000
2003-11-01T06:00:00 85.1418 103.4762 85.3064
2003-11-01T12:00:00 6.6784 3.3546 6.6802
2003-11-01T18:00:00 84.3728 256.6455 84.5193
2003-12-01T00:00:00 98.9642 242.5281 99.0000
2003-12-01T06:00:00 83.7204 110.9306 83.8540
2003-12-01T12:00:00 1.7606 115.6227 1.7606
2003-12-01T18:00:00 80.7431 250.0700 80.8371
2004-01-01T00:00:00 98.9642 240.9239 99.0000
2004-01-01T06:00:00 86.2774 113.3781 86.4804
2004-01-01T12:00:00 5.3250 113.5398 5.3265
2004-01-01T18:00:00 77.2182 249.9482 77.2869
2004-02-01T00:00:00 98.9642 247.3598 99.0000
2004-02-01T06:00:00 90.5003 108.9528 90.8726
2004-02-01T12:00:00 8.3245 64.5785 8.3268
2004-02-01T18:00:00 76.7460 256.4077 76.8122
2004-03-01T00:00:00 98.9642 258.2151 99.0000
2004-03-01T06:00:00 94.2506 99.7499 94.3255
2004-03-01T12:00:00 15.4332 29.4185 15.4376
2004-03-01T18:00:00 80.2667 265.8073 80.3563
2004-04-01T00:00:00 98.9642 271.4195 99.0000
2004-04-01T06:00:00 96.7071 87.6244 96.7550
2004-04-01T12:00:00 26.2612 12.3584 26.2690
2004-04-01T18:00:00 86.4619 276.4522 86.6725
2004-05-01T00:00:00 98.9642 282.7722 99.0000
2004-05-01T06:00:00 98.7589 77.0735 98.7955
2004-05-01T12:00:00 36.3922 6.1307 36.4039
2004-05-01T18:00:00 91.8730 285.6067 92.0328
2004-06-01T00:00:00 98.9642 290.2610 99.0000
2004-06-01T06:00:00 98.9642 69.7027 99.0000
2004-06-01T12:00:00 43.2729 5.3553 43.2878
2004-06-01T18:00:00 94.2391 292.0866 94.3143
2004-07-01T00:00:00 98.9642 291.3982 99.0000
2004-07-01T06:00:00 98.9642 68.6199 99.0000
2004-07-01T12:00:00 44.3806 7.2024 44.3961
2004-07-01T18:00:00 93.2438 293.4417 93.3409
2004-08-01T00:00:00 98.9642 285.9483 99.0000
2004-08-01T06:00:00 98.9642 74.1193 99.0000
2004-08-01T12:00:00 39.3383 9.1406 39.3513
2004-08-01T18:00:00 90.5425 288.7871 90.9024
2004-09-01T00:00:00 98.9642 275.4876 99.0000
2004-09-01T06:00:00 97.0567 83.9049 97.1022
2004-09-01T12:00:00 29.4339 9.0528 29.4428
2004-09-01T18:00:00 88.4112 279.0853 88.7453
2004-10-01T00:00:00 98.9642 263.0636 99.0000
2004-10-01T06:00:00 90.0899 93.7369 90.6167
2004-10-01T12:00:00 17.7276 6.2299 17.7326
2004-10-01T18:00:00 86.7850 267.4383 87.0101
2004-11-01T00:00:00 98.9642 250.6859 99.0000
2004-11-01T06:00:00 85.0537 103.7027 85.2160
2004-11-01T12:00:00 6.4362 3.4324 6.4380
2004-11-01T18:00:00 84.2949 256.4163 84.4398
2004-12-01T00:00:00 98.9642 242.3919 99.0000
2004-12-01T06:00:00 83.7399 111.0650 83.8738
2004-12-01T12:00:00 1.8709 118.0349 1.8709
2004-12-01T18:00:00 80.6442 249.9807 80.7372
2005-01-01T00:00:00 98.9642 240.9909 99.0000
2005-01-01T06:00:00 86.3719 113.3519 86.5787
2005-01-01T12:00:00 5.3792 112.6082 5.3807
2005-01-01T18:00:00 77.1598 250.0352 77.2281
2005-02-01T00:00:00 98.9642 247.5987 99.0000
2005-02-01T06:00:00 90.6445 108.7643 90.9770
2005-02-01T12:00:00 8.4487 63.3646 8.4510
2005-02-01T18:00:00 76.7908 256.6259 76.8573
2005-03-01T00:00:00 98.9642 258.1140 99.0000
2005-03-01T06:00:00 94.2264 99.8399 94.3018
2005-03-01T12:00:00 15.3568 29.6179 15.3612
2005-03-01T18:00:00 80.2244 265.7234 80.3136
2005-04-01T00:00:00 98.9642 271.3183 99.0000
2005-04-01T06:00:00 96.6908 87.7188 96.7388
2005-04-01T12:00:00 26.1734 12.4407 26.1812
2005-04-01T18:00:00 86.4133 276.3717 86.6218
2005-05-01T00:00:00 98.9642 282.6934 99.0000
2005-05-01T06:00:00 98.7413 77.1458 98.7780
2005-05-01T12:00:00 36.3205 6.1556 36.3321
2005-05-01T18:00:00 91.8375 285.5414 91.9999
2005-06-01T00:00:00 98.9642 290.2255 99.0000
2005-06-01T06:00:00 98.9642 69.7379 99.0000
2005-06-01T12:00:00 43.2398 5.3480 43.2547
2005-06-01T18:00:00 94.2353 292.0537 94.3106
2005-07-01T00:00:00 98.9642 291.4152 99.0000
2005-07-01T06:00:00 98.9642 68.6025 99.0000
2005-07-01T12:00:00 44.3958 7.1850 44.4113
2005-07-01T18:00:00 93.2598 293.4539 93.3565
2005-08-01T00:00:00 98.9642 286.0132 99.0000
2005-08-01T06:00:00 98.9642 74.0540 99.0000
2005-08-01T12:00:00 39.3993 9.1321 39.4123
2005-08-01T18:00:00 90.5686 288.8457 90.9213
2005-09-01T00:00:00 98.9642 275.5820 99.0000
2005-09-01T06:00:00 97.1056 83.8288 97.1508
2005-09-01T12:00:00 29.5236 9.0655 29.5325
2005-09-01T18:00:00 88.4239 279.1743 88.7592
2005-10-01T00:00:00 98.9642 263.1661 99.0000
2005-10-01T06:00:00 90.1831 93.6564 90.6688
2005-10-01T12:00:00 17.8229 6.2625 17.8280
2005-10-01T18:00:00 86.7995 267.5330 87.0254
2005-11-01T00:00:00 98.9642 250.7726 99.0000
2005-11-01T06:00:00 85.0815 103.6302 85.2445
2005-11-01T12:00:00 6.5136 3.4034 6.5154
2005-11-01T18:00:00 84.3201 256.4894 84.4655
2005-12-01T00:00:00 98.9642 242.4352 99.0000
2005-12-01T06:00:00 83.7330 111.0219 83.8668
2005-12-01T12:00:00 1.8348 117.3089 1.8348
2005-12-01T18:00:00 80.6763 250.0089 80.7697
